2 384717275
34 2017463455
2 888985702
3 1138961335
30 2001411634
7 1688969677
3 1074515293
3 1188541828
54 2077102449
2 366694711
17 1907424534
2 448260522
2 541959578
3 1236480519
2 328830814
3 1184067167
38 2033402667
2 343865911
2 475872100
2 753283272
3 1015853439
2 953755623
2 952814553
2 168636592
9 1744271351
2 669331060
2 927782434
2 360607371
2 529232563
56 2081904114
6 1611383427
2 604985272
11 1799881606
3 1155500400
2 800602979
9 1749219598
1 82656156
19 1927577930
33 2011454515
2 828462531
12 1833275016
17 1905310403
4 1423282804
2 293742895
35 2019415459
5 1484062225
9 1758739317
3 1166783511
4 1457288620
2 598842305
6 1634250293
2 528829321
9 1747066761
2 407146696
3 1031620330
11 1807404079
2 884168938
10 1787987373
2 965105540
2 584824989
2 120937804
3 1082141766
2 517654719
2 766608236
6 1630224099
6 1580063467
2 343911067
3 1234808992
2 152763936
3 1260514187
2 535763254
2 174078107
2 858017135
2 341298340
2 272379243
6 1590285344
2 344306046
4 1430770104
6 1578742469
9 1764217798
2 901816857
41 2043818720
4 1460293275
8 1705955009
2 931665166
3 1193174685
2 484635109
31 2004287539
2 632181131
5 1466667008
4 1455103190
2 375542294
2 284896725
5 1518207912
2 119683330
5 1473033718
3 1086215810
2 270635523
2 200870715
2 189813921
